,age,sex,bmi,children,smoker,region,charges,region_label
0,19,0,27.9,0.0,yes,southwest,16884.924,3
1,18,1,33.77,1.0,no,southeast,1725.5523,2
2,28,1,33.0,3.0,no,southeast,4449.462,2
3,33,1,22.705,0.0,no,northwest,21984.47061,1
4,32,1,28.88,0.0,no,northwest,3866.8552,1
5,31,0,25.74,0.0,no,southeast,3756.6216,2
6,46,0,33.44,1.0,no,southeast,8240.5896,2
7,37,0,27.74,3.0,no,northwest,7281.5056,1
8,37,1,29.83,2.0,no,northeast,6406.4107,0
9,60,0,25.84,0.0,no,northwest,28923.136919999997,1
10,25,1,26.22,0.0,no,northeast,2721.3208,0
11,62,0,26.29,0.0,yes,southeast,27808.7251,2
12,23,1,34.4,0.0,no,southwest,1826.8429999999998,3
13,56,0,39.82,0.0,no,southeast,11090.7178,2
14,27,1,42.13,0.0,yes,southeast,39611.7577,2
15,19,1,24.6,1.0,no,southwest,1837.237,3
16,52,0,30.78,1.0,no,northeast,10797.3362,0
17,23,1,23.845,0.0,no,northeast,2395.17155,0
18,56,1,40.3,0.0,no,southwest,10602.385,3
19,30,1,30.65165011459127,0.0,yes,southwest,36837.467000000004,3
20,60,0,36.005,0.0,no,northeast,13228.84695,0
21,30,0,32.4,1.0,no,southwest,4149.736,3
22,18,1,34.1,0.0,no,southeast,1137.011,2
23,34,0,31.92,1.0,yes,northeast,37701.8768,0
24,37,1,28.025,2.0,no,northwest,6203.90175,1
25,59,0,27.72,3.0,no,southeast,14001.1338,2
26,63,0,23.085,0.0,no,northeast,14451.83515,0
27,55,0,32.775,2.0,no,northwest,12268.63225,1
28,23,1,17.385,1.0,no,northwest,2775.19215,1
29,31,1,36.3,2.0,yes,southwest,38711.0,3
30,22,1,35.6,0.0,yes,southwest,35585.576,3
31,18,0,26.315,0.0,no,northeast,2198.18985,0
32,19,0,28.6,5.0,no,southwest,4687.7970000000005,3
33,63,1,28.31,0.0,no,northwest,13770.0979,1
34,28,1,36.4,1.0,yes,southwest,51194.55914,3
35,19,1,20.425,0.0,no,northwest,1625.43375,1
36,62,0,32.965,3.0,no,northwest,15612.19335,1
37,26,1,20.8,0.0,no,southwest,2302.3,3
38,35,1,36.67,1.0,yes,northeast,39774.2763,0
39,60,1,39.9,0.0,yes,southwest,48173.361,3
40,24,0,30.65165011459127,0.0,no,northeast,3046.062,0
41,31,0,36.63,2.0,no,southeast,4949.7587,2
42,41,1,21.78,1.0,no,southeast,6272.4772,2
43,37,0,30.8,2.0,no,southeast,6313.759,2
44,38,1,37.05,1.0,no,northeast,6079.6715,0
45,55,1,37.3,0.0,no,southwest,20630.28351,3
46,18,0,38.665,2.0,no,northeast,3393.35635,0
47,28,0,34.77,0.0,no,northwest,3556.9223,1
48,60,0,24.53,0.0,no,southeast,12629.8967,2
49,36,1,35.2,1.0,yes,southeast,38709.176,2
50,18,0,35.625,0.0,no,northeast,2211.13075,0
51,21,0,33.63,2.0,no,northwest,3579.8287,1
52,48,1,28.0,1.0,yes,southwest,23568.272,3
53,36,1,34.43,0.0,yes,southeast,37742.5757,2
54,40,0,28.69,3.0,no,northwest,8059.6791,1
55,58,1,36.955,2.0,yes,northwest,47496.49445,1
56,58,0,31.825,2.0,no,northeast,13607.36875,0
57,18,1,30.65165011459127,2.0,yes,southeast,34303.1672,2
58,53,0,22.88,1.0,yes,southeast,23244.7902,2
59,34,0,37.335,2.0,no,northwest,5989.52365,1
60,43,1,27.36,3.0,no,northeast,8606.2174,0
61,25,1,33.66,4.0,no,southeast,4504.6624,2
62,64,1,24.7,1.0,no,northwest,30166.618169999998,1
63,28,0,25.935,1.0,no,northwest,4133.64165,1
64,20,0,22.42,0.0,yes,northwest,14711.7438,1
65,19,0,28.9,0.0,no,southwest,1743.214,3
66,61,0,39.1,2.0,no,southwest,14235.072,3
67,40,1,26.315,1.0,no,northwest,6389.37785,1
68,40,0,36.19,0.0,no,southeast,5920.1041,2
69,28,1,23.98,3.0,yes,southeast,17663.1442,2
70,27,0,24.75,0.0,yes,southeast,16577.7795,2
71,31,1,28.5,0.0,no,northeast,6799.4580000000005,0
72,53,0,28.1,3.0,no,southwest,11741.726,3
73,58,1,32.01,1.0,no,southeast,11946.6259,2
74,44,1,27.4,2.0,no,southwest,7726.854,3
75,57,1,34.01,0.0,no,northwest,11356.6609,1
76,29,0,29.59,1.0,no,southeast,3947.4131,2
77,21,1,35.53,0.0,no,southeast,1532.4697,2
78,22,0,39.805,0.0,no,northeast,2755.02095,0
79,41,0,32.965,0.0,no,northwest,6571.02435,1
80,31,1,26.885,1.0,no,northeast,4441.21315,0
81,45,0,38.285,0.0,no,northeast,7935.29115,0
82,22,1,37.62,1.0,yes,southeast,37165.1638,2
83,48,0,41.23,4.0,no,northwest,11033.6617,1
84,37,0,34.8,2.0,yes,southwest,39836.519,3
85,45,1,22.895,2.0,yes,northwest,21098.55405,1
86,57,0,31.16,0.0,yes,northwest,43578.9394,1
87,56,0,27.2,0.0,no,southwest,11073.176000000001,3
88,46,0,27.74,0.0,no,northwest,8026.6666,1
89,55,0,26.98,0.0,no,northwest,11082.5772,1
90,21,0,30.65165011459127,0.0,no,southeast,2026.9741,2
91,53,0,24.795,1.0,no,northwest,10942.13205,1
92,59,1,29.83,3.0,yes,northeast,30184.9367,0
93,35,1,34.77,2.0,no,northwest,5729.0053,1
94,64,0,31.3,2.0,yes,southwest,47291.055,3
95,28,0,37.62,1.0,no,southeast,3766.8838,2
96,54,0,30.8,3.0,no,southwest,12105.32,3
97,55,1,38.28,0.0,no,southeast,10226.2842,2
98,56,1,19.95,0.0,yes,northeast,22412.6485,0
99,38,1,19.3,0.0,yes,southwest,15820.698999999999,3
100,41,0,31.6,0.0,no,southwest,6186.1269999999995,3
101,30,1,25.46,0.0,no,northeast,3645.0894,0
102,18,0,30.115,0.0,no,northeast,21344.8467,0
103,61,0,29.92,3.0,yes,southeast,30942.1918,2
104,34,0,27.5,1.0,no,southwest,5003.853,3
105,20,1,28.025,1.0,yes,northwest,17560.37975,1
106,19,0,30.65165011459127,1.0,no,southwest,2331.519,3
107,26,1,30.875,2.0,no,northwest,3877.30425,1
108,29,1,27.94,0.0,no,southeast,2867.1196,2
109,63,1,35.09,0.0,yes,southeast,47055.5321,2
110,54,1,33.63,1.0,no,northwest,10825.2537,1
111,55,0,29.7,2.0,no,southwest,11881.358,3
112,37,1,30.8,0.0,no,southwest,4646.759,3
113,21,0,35.72,0.0,no,northwest,2404.7338,1
114,52,1,32.205,3.0,no,northeast,11488.31695,0
115,60,1,28.595,0.0,no,northeast,30259.995560000003,0
116,58,1,49.06,0.0,no,southeast,11381.3254,2
117,29,0,27.94,1.0,yes,southeast,19107.7796,2
118,49,0,27.17,0.0,no,southeast,8601.3293,2
119,37,0,23.37,2.0,no,northwest,6686.4313,1
120,44,1,37.1,2.0,no,southwest,7740.3369999999995,3
121,18,1,23.75,0.0,no,northeast,1705.6245,0
122,20,0,28.975,0.0,no,northwest,2257.47525,1
123,44,1,30.65165011459127,1.0,yes,northeast,39556.4945,0
124,47,0,33.915,3.0,no,northwest,10115.00885,1
125,26,0,28.785,0.0,no,northeast,3385.39915,0
126,19,0,28.3,0.0,yes,southwest,17081.08,3
127,52,0,37.4,0.0,no,southwest,9634.538,3
128,32,0,17.765,2.0,yes,northwest,32734.1863,1
129,38,1,34.7,2.0,no,southwest,6082.405,3
130,59,0,26.505,0.0,no,northeast,12815.44495,0
131,61,0,22.04,0.0,no,northeast,13616.3586,0
132,53,0,35.9,2.0,no,southwest,11163.568000000001,3
133,19,1,25.555,0.0,no,northwest,1632.56445,1
134,20,0,28.785,0.0,no,northeast,2457.21115,0
135,22,0,28.05,0.0,no,southeast,2155.6815,2
136,19,1,34.1,0.0,no,southwest,1261.442,3
137,22,1,25.175,0.0,no,northwest,2045.68525,1
138,54,0,31.9,3.0,no,southeast,27322.733860000004,2
139,22,0,36.0,0.0,no,southwest,2166.732,3
140,34,1,22.42,2.0,no,northeast,27375.90478,0
141,26,1,32.49,1.0,no,northeast,3490.5491,0
142,34,1,25.3,2.0,yes,southeast,18972.495,2
143,29,1,29.735,2.0,no,northwest,18157.876,1
144,30,1,28.69,3.0,yes,northwest,20745.9891,1
145,29,0,38.83,0.0,no,southeast,5138.2567,2
146,46,1,30.495,3.0,yes,northwest,40720.55105,1
147,51,0,37.73,1.0,no,southeast,9877.6077,2
148,53,0,37.43,1.0,no,northwest,10959.6947,1
149,19,1,28.4,1.0,no,southwest,1842.519,3
150,35,1,24.13,1.0,no,northwest,5125.2157,1
151,48,1,29.7,0.0,no,southeast,7789.635,2
152,32,0,37.145,3.0,no,northeast,6334.34355,0
153,42,0,23.37,0.0,yes,northeast,19964.7463,0
154,40,0,25.46,1.0,no,northeast,7077.1894,0
155,44,1,30.65165011459127,0.0,no,northwest,6948.7008,1
156,48,1,24.42,0.0,yes,southeast,21223.6758,2
157,18,1,25.175,0.0,yes,northeast,15518.18025,0
158,30,1,35.53,0.0,yes,southeast,36950.2567,2
159,50,0,27.83,3.0,no,southeast,19749.383380000003,2
160,42,0,26.6,0.0,yes,northwest,21348.706000000002,1
161,18,0,36.85,0.0,yes,southeast,36149.4835,2
162,54,1,39.6,1.0,no,southwest,10450.552,3
163,32,0,29.8,2.0,no,southwest,5152.134,3
164,37,1,29.64,0.0,no,northwest,5028.1466,1
165,47,1,28.215,4.0,no,northeast,10407.08585,0
166,20,0,37.0,5.0,no,southwest,4830.63,3
167,32,0,33.155,3.0,no,northwest,6128.79745,1
168,19,0,31.825,1.0,no,northwest,2719.27975,1
169,27,1,18.905,3.0,no,northeast,4827.90495,0
170,63,1,41.47,0.0,no,southeast,13405.3903,2
171,49,1,30.65165011459127,0.0,no,southwest,8116.68,3
172,18,1,15.96,0.0,no,northeast,1694.7964,0
173,35,0,34.8,1.0,no,southwest,5246.047,3
174,24,0,33.345,0.0,no,northwest,2855.43755,1
175,63,0,37.7,0.0,yes,southwest,48824.45,3
176,38,1,27.835,2.0,no,northwest,6455.86265,1
177,54,1,29.2,1.0,no,southwest,10436.096,3
178,46,0,28.9,2.0,no,southwest,8823.279,3
179,41,0,33.155,3.0,no,northeast,8538.28845,0
180,58,1,28.595,0.0,no,northwest,11735.87905,1
181,18,0,38.28,0.0,no,southeast,1631.8212,2
182,22,1,19.95,3.0,no,northeast,4005.4225,0
183,44,0,26.41,0.0,no,northwest,7419.4779,1
184,44,1,30.69,2.0,no,southeast,7731.4271,2
185,36,1,41.895,3.0,yes,northeast,43753.33705,0
186,26,0,29.92,2.0,no,southeast,3981.9768,2
187,30,0,30.9,3.0,no,southwest,5325.651,3
188,41,0,32.2,1.0,no,southwest,6775.960999999999,3
189,29,0,32.11,2.0,no,northwest,4922.9159,1
190,61,1,31.57,0.0,no,southeast,12557.6053,2
191,36,0,26.2,0.0,no,southwest,4883.866,3
192,25,1,25.74,0.0,no,southeast,2137.6536,2
193,56,0,26.6,1.0,no,northwest,12044.341999999999,1
194,18,1,34.43,0.0,no,southeast,1137.4697,2
195,19,1,30.59,0.0,no,northwest,1639.5631,1
196,39,0,30.65165011459127,0.0,no,southwest,5649.715,3
197,45,0,28.6,2.0,no,southeast,8516.829,2
198,51,0,18.05,0.0,no,northwest,9644.2525,1
199,64,0,39.33,0.0,no,northeast,14901.5167,0
200,19,0,32.11,0.0,no,northwest,2130.6759,1
201,48,0,32.23,1.0,no,southeast,8871.1517,2
202,60,0,24.035,0.0,no,northwest,13012.20865,1
203,27,0,36.08,0.0,yes,southeast,37133.8982,2
204,46,1,22.3,0.0,no,southwest,7147.105,3
205,28,0,28.88,1.0,no,northeast,4337.7352,0
206,59,1,26.4,0.0,no,southeast,11743.298999999999,2
207,35,1,27.74,2.0,yes,northeast,20984.0936,0
208,63,0,31.8,0.0,no,southwest,13880.948999999999,3
209,40,1,30.65165011459127,1.0,no,northeast,6610.1097,0
210,20,1,33.0,1.0,no,southwest,1980.07,3
211,40,1,30.875,4.0,no,northwest,8162.71625,1
212,24,1,28.5,2.0,no,northwest,3537.703,1
213,34,0,26.73,1.0,no,southeast,5002.7827,2
214,45,0,30.9,2.0,no,southwest,8520.026,3
215,41,0,37.1,2.0,no,southwest,7371.772,3
216,53,0,26.6,0.0,no,northwest,10355.641,1
217,27,1,23.1,0.0,no,southeast,2483.736,2
218,26,0,29.92,1.0,no,southeast,3392.9768,2
219,24,0,23.21,0.0,no,southeast,25081.76784,2
220,34,0,33.7,1.0,no,southwest,5012.471,3
221,53,0,33.25,0.0,no,northeast,10564.8845,0
222,32,1,30.8,3.0,no,southwest,5253.524,3
223,19,1,34.8,0.0,yes,southwest,34779.615,3
224,42,1,24.64,0.0,yes,southeast,19515.5416,2
225,55,1,33.88,3.0,no,southeast,11987.1682,2
226,28,1,38.06,0.0,no,southeast,2689.4954,2
227,58,0,41.91,0.0,no,southeast,24227.33724,2
228,41,0,31.635,1.0,no,northeast,7358.17565,0
229,47,1,25.46,2.0,no,northeast,9225.2564,0
230,42,0,36.195,1.0,no,northwest,7443.64305,1
231,59,0,27.83,3.0,no,southeast,14001.2867,2
232,19,0,17.8,0.0,no,southwest,1727.785,3
233,59,1,27.5,1.0,no,southwest,12333.828000000001,3
234,39,1,24.51,2.0,no,northwest,6710.1919,1
235,40,0,22.22,2.0,yes,southeast,19444.2658,2
236,18,0,30.65165011459127,0.0,no,southeast,1615.7667,2
237,31,1,38.39,2.0,no,southeast,4463.2051,2
238,19,1,29.07,0.0,yes,northwest,17352.6803,1
239,44,1,38.06,1.0,no,southeast,7152.6714,2
240,23,0,36.67,2.0,yes,northeast,38511.6283,0
241,33,0,22.135,1.0,no,northeast,5354.07465,0
242,55,0,26.8,1.0,no,southwest,35160.13457,3
243,40,1,35.3,3.0,no,southwest,7196.866999999999,3
244,63,0,27.74,0.0,yes,northeast,29523.1656,0
245,54,1,30.02,0.0,no,northwest,24476.47851,1
246,60,0,38.06,0.0,no,southeast,12648.7034,2
247,24,1,35.86,0.0,no,southeast,1986.9334,2
248,19,1,20.9,1.0,no,southwest,1832.094,3
249,29,1,28.975,1.0,no,northeast,4040.55825,0
250,18,1,17.29,2.0,yes,northeast,12829.4551,0
251,63,0,32.2,2.0,yes,southwest,47305.305,3
252,54,1,34.21,2.0,yes,southeast,44260.7499,2
253,27,1,30.3,3.0,no,southwest,4260.744000000001,3
254,50,1,31.825,0.0,yes,northeast,41097.16175,0
255,55,0,25.365,3.0,no,northeast,13047.33235,0
256,56,1,33.63,0.0,yes,northwest,43921.1837,1
257,38,0,40.15,0.0,no,southeast,5400.9805,2
258,51,1,24.415,4.0,no,northwest,11520.09985,1
259,19,1,31.92,0.0,yes,northwest,33750.2918,1
260,58,0,25.2,0.0,no,southwest,11837.16,3
261,20,0,26.84,1.0,yes,southeast,17085.2676,2
262,52,1,24.32,3.0,yes,northeast,24869.8368,0
263,19,1,36.955,0.0,yes,northwest,36219.40545,1
264,53,0,38.06,3.0,no,southeast,20462.99766,2
265,46,1,42.35,3.0,yes,southeast,46151.1245,2
266,40,1,19.8,1.0,yes,southeast,17179.522,2
267,59,0,32.395,3.0,no,northeast,14590.63205,0
268,45,1,30.2,1.0,no,southwest,7441.053000000001,3
269,49,1,25.84,1.0,no,northeast,9282.4806,0
270,18,1,29.37,1.0,no,southeast,1719.4363,2
271,50,1,34.2,2.0,yes,southwest,42856.837999999996,3
272,41,1,37.05,2.0,no,northwest,7265.7025,1
273,50,1,30.65165011459127,1.0,no,northeast,9617.66245,0
274,25,1,27.55,0.0,no,northwest,2523.1695,1
275,47,0,26.6,2.0,no,northeast,9715.841,0
276,19,1,20.615,2.0,no,northwest,2803.69785,1
277,22,0,24.3,0.0,no,southwest,2150.469,3
278,59,1,31.79,2.0,no,southeast,12928.7911,2
279,51,0,21.56,1.0,no,southeast,9855.1314,2
280,40,0,28.12,1.0,yes,northeast,22331.5668,0
281,54,1,40.565,3.0,yes,northeast,48549.17835,0
282,30,1,27.645,1.0,no,northeast,4237.12655,0
283,55,0,32.395,1.0,no,northeast,11879.10405,0
284,52,0,31.2,0.0,no,southwest,9625.92,3
285,46,1,26.62,1.0,no,southeast,7742.1098,2
286,46,0,48.07,2.0,no,northeast,9432.9253,0
287,63,0,26.22,0.0,no,northwest,14256.1928,1
288,59,0,36.765,1.0,yes,northeast,47896.79135,0
289,52,1,26.4,3.0,no,southeast,25992.82104,2
290,28,0,33.4,0.0,no,southwest,3172.018,3
291,29,1,29.64,1.0,no,northeast,20277.80751,0
292,25,1,45.54,2.0,yes,southeast,42112.2356,2
293,22,0,28.82,0.0,no,southeast,2156.7518,2
294,25,1,26.8,3.0,no,southwest,3906.127,3
295,18,1,22.99,0.0,no,northeast,1704.5681,0
296,19,1,27.7,0.0,yes,southwest,16297.846000000001,3
297,47,1,25.41,1.0,yes,southeast,21978.6769,2
298,31,1,34.39,3.0,yes,northwest,38746.3551,1
299,48,0,28.88,1.0,no,northwest,9249.4952,1
300,36,1,27.55,3.0,no,northeast,6746.7425,0
301,53,0,22.61,3.0,yes,northeast,24873.3849,0
302,56,0,37.51,2.0,no,southeast,12265.5069,2
303,28,0,33.0,2.0,no,southeast,4349.462,2
304,57,0,38.0,2.0,no,southwest,12646.207,3
305,29,1,33.345,2.0,no,northwest,19442.3535,1
306,28,0,27.5,2.0,no,southwest,20177.671130000002,3
307,30,0,33.33,1.0,no,southeast,4151.0287,2
308,58,1,34.865,0.0,no,northeast,11944.59435,0
309,41,0,33.06,2.0,no,northwest,7749.1564,1
310,50,1,26.6,0.0,no,southwest,8444.474,3
311,19,0,24.7,0.0,no,southwest,1737.376,3
312,43,1,35.97,3.0,yes,southeast,42124.5153,2
313,49,1,35.86,0.0,no,southeast,8124.4084,2
314,27,0,31.4,0.0,yes,southwest,34838.873,3
315,52,1,33.25,0.0,no,northeast,9722.7695,0
316,50,1,32.205,0.0,no,northwest,8835.26495,1
317,54,1,32.775,0.0,no,northeast,10435.06525,0
318,44,0,27.645,0.0,no,northwest,7421.19455,1
319,32,1,37.335,1.0,no,northeast,4667.60765,0
320,34,1,25.27,1.0,no,northwest,4894.7533,1
321,26,0,29.64,4.0,no,northeast,24671.66334,0
322,34,1,30.8,0.0,yes,southwest,35491.64,3
323,57,1,40.945,0.0,no,northeast,11566.30055,0
324,29,1,27.2,0.0,no,southwest,2866.091,3
325,40,1,34.105,1.0,no,northeast,6600.20595,0
326,27,0,23.21,1.0,no,southeast,3561.8889,2
327,45,1,36.48,2.0,yes,northwest,42760.5022,1
328,64,0,30.65165011459127,1.0,yes,southwest,47928.03,3
329,52,1,36.7,0.0,no,southwest,9144.565,3
330,61,0,36.385,1.0,yes,northeast,48517.56315,0
331,52,1,27.36,0.0,yes,northwest,24393.6224,1
332,61,0,31.16,0.0,no,northwest,13429.0354,1
333,56,0,28.785,0.0,no,northeast,11658.37915,0
334,43,0,35.72,2.0,no,northeast,19144.57652,0
335,64,1,34.5,0.0,no,southwest,13822.803,3
336,60,1,25.74,0.0,no,southeast,12142.5786,2
337,62,1,27.55,1.0,no,northwest,13937.6665,1
338,50,1,32.3,1.0,yes,northeast,41919.097,0
339,46,0,27.72,1.0,no,southeast,8232.6388,2
340,24,0,27.6,0.0,no,southwest,18955.22017,3
341,62,1,30.02,0.0,no,northwest,13352.0998,1
342,60,0,27.55,0.0,no,northeast,13217.0945,0
343,63,1,36.765,0.0,no,northeast,13981.85035,0
344,49,0,41.47,4.0,no,southeast,10977.2063,2
345,34,0,29.26,3.0,no,southeast,6184.2994,2
346,33,1,35.75,2.0,no,southeast,4889.9995,2
347,46,1,33.345,1.0,no,northeast,8334.45755,0
348,36,0,29.92,1.0,no,southeast,5478.0368,2
349,19,1,27.835,0.0,no,northwest,1635.73365,1
350,57,0,23.18,0.0,no,northwest,11830.6072,1
351,50,0,25.6,0.0,no,southwest,8932.084,3
352,30,0,27.7,0.0,no,southwest,3554.203,3
353,33,1,35.245,0.0,no,northeast,12404.8791,0
354,18,0,38.28,0.0,no,southeast,14133.03775,2
355,46,1,27.6,0.0,no,southwest,24603.04837,3
356,46,1,43.89,3.0,no,southeast,8944.1151,2
357,47,1,29.83,3.0,no,northwest,9620.3307,1
358,23,1,41.91,0.0,no,southeast,1837.2819,2
359,18,0,20.79,0.0,no,southeast,1607.5101,2
360,48,0,32.3,2.0,no,northeast,10043.249,0
361,35,1,30.5,1.0,no,southwest,4751.07,3
362,19,0,21.7,0.0,yes,southwest,13844.506000000001,3
363,21,0,26.4,1.0,no,southwest,2597.779,3
364,21,0,21.89,2.0,no,southeast,3180.5101,2
365,49,0,30.78,1.0,no,northeast,9778.3472,0
366,56,0,32.3,3.0,no,northeast,13430.265,0
367,42,0,24.985,2.0,no,northwest,8017.06115,1
368,44,1,32.015,2.0,no,northwest,8116.26885,1
369,18,1,30.4,3.0,no,northeast,3481.868,0
370,61,0,21.09,0.0,no,northwest,13415.0381,1
371,57,0,22.23,0.0,no,northeast,12029.2867,0
372,42,0,33.155,1.0,no,northeast,7639.41745,0
373,26,1,32.9,2.0,yes,southwest,36085.219,3
374,20,1,33.33,0.0,no,southeast,1391.5287,2
375,23,0,28.31,0.0,yes,northwest,18033.9679,1
376,39,0,24.89,3.0,yes,northeast,21659.9301,0
377,24,1,40.15,0.0,yes,southeast,38126.2465,2
378,64,0,30.115,3.0,no,northwest,16455.70785,1
379,62,1,31.46,1.0,no,southeast,27000.98473,2
380,27,0,17.955,2.0,yes,northeast,15006.57945,0
381,55,1,30.685,0.0,yes,northeast,42303.69215,0
382,55,1,33.0,0.0,no,southeast,20781.48892,2
383,35,0,43.34,2.0,no,southeast,5846.9176,2
384,44,1,22.135,2.0,no,northeast,8302.53565,0
385,19,1,34.4,0.0,no,southwest,1261.859,3
386,58,0,39.05,0.0,no,southeast,11856.4115,2
387,50,1,25.365,2.0,no,northwest,30284.642939999998,1
388,26,0,22.61,0.0,no,northwest,3176.8159,1
389,24,0,30.21,3.0,no,northwest,4618.0799,1
390,48,1,35.625,4.0,no,northeast,10736.87075,0
391,19,0,30.65165011459127,0.0,no,northwest,2138.0707,1
392,48,1,31.445,1.0,no,northeast,8964.06055,0
393,49,1,31.35,1.0,no,northeast,9290.1395,0
394,46,0,32.3,2.0,no,northeast,9411.005,0
395,46,1,19.855,0.0,no,northwest,7526.70645,1
396,43,0,34.4,3.0,no,southwest,8522.003,3
397,21,1,31.02,0.0,no,southeast,16586.49771,2
398,64,1,25.6,2.0,no,southwest,14988.431999999999,3
399,18,0,38.17,0.0,no,southeast,1631.6683,2
400,51,0,20.6,0.0,no,southwest,9264.796999999999,3
401,47,1,47.52,1.0,no,southeast,8083.9198,2
402,64,0,32.965,0.0,no,northwest,14692.66935,1
403,49,1,32.3,3.0,no,northwest,10269.46,1
404,31,1,20.4,0.0,no,southwest,3260.199,3
405,52,0,38.38,2.0,no,northeast,11396.9002,0
406,33,0,24.31,0.0,no,southeast,4185.0979,2
407,47,0,23.6,1.0,no,southwest,8539.671,3
408,38,1,21.12,3.0,no,southeast,6652.5288,2
409,32,1,30.03,1.0,no,southeast,4074.4537,2
410,19,1,17.48,0.0,no,northwest,1621.3402,1
411,44,0,20.235,1.0,yes,northeast,19594.80965,0
412,26,0,17.195,2.0,yes,northeast,14455.64405,0
413,25,1,23.9,5.0,no,southwest,5080.096,3
414,19,0,35.15,0.0,no,northwest,2134.9015,1
415,43,0,35.64,1.0,no,southeast,7345.7266,2
416,52,1,34.1,0.0,no,southeast,9140.951,2
417,36,0,22.6,2.0,yes,southwest,18608.262,3
418,64,1,39.16,1.0,no,southeast,14418.2804,2
419,63,0,26.98,0.0,yes,northwest,28950.4692,1
420,64,1,33.88,0.0,yes,southeast,46889.2612,2
421,61,1,35.86,0.0,yes,southeast,46599.1084,2
422,40,1,32.775,1.0,yes,northeast,39125.33225,0
423,25,1,30.59,0.0,no,northeast,2727.3951,0
424,48,1,30.2,2.0,no,southwest,8968.33,3
425,45,1,24.31,5.0,no,southeast,9788.8659,2
426,38,0,27.265,1.0,no,northeast,6555.07035,0
427,18,0,29.165,0.0,no,northeast,7323.734818999999,0
428,21,0,16.815,1.0,no,northeast,3167.45585,0
429,27,0,30.4,3.0,no,northwest,18804.7524,1
430,19,1,33.1,0.0,no,southwest,23082.95533,3
431,29,0,20.235,2.0,no,northwest,4906.40965,1
432,42,1,26.9,0.0,no,southwest,5969.723000000001,3
433,60,0,30.5,0.0,no,southwest,12638.195,3
434,31,1,28.595,1.0,no,northwest,4243.59005,1
435,60,1,30.65165011459127,3.0,no,southeast,13919.8229,2
436,22,1,31.73,0.0,no,northeast,2254.7967,0
437,35,1,28.9,3.0,no,southwest,5926.846,3
438,52,0,46.75,5.0,no,southeast,12592.5345,2
439,26,1,29.45,0.0,no,northeast,2897.3235,0
440,31,0,32.68,1.0,no,northwest,4738.2682,1
441,33,0,33.5,0.0,yes,southwest,37079.372,3
442,18,1,43.01,0.0,no,southeast,1149.3959,2
443,59,0,36.52,1.0,no,southeast,28287.897660000002,2
444,56,1,26.695,1.0,yes,northwest,26109.32905,1
445,45,0,33.1,0.0,no,southwest,7345.084,3
446,60,1,29.64,0.0,no,northeast,12730.9996,0
447,56,0,25.65,0.0,no,northwest,11454.0215,1
448,40,0,29.6,0.0,no,southwest,5910.944,3
449,35,1,38.6,1.0,no,southwest,4762.329000000001,3
450,39,1,29.6,4.0,no,southwest,7512.267,3
451,30,1,24.13,1.0,no,northwest,4032.2407,1
452,24,1,23.4,0.0,no,southwest,1969.614,3
453,20,1,29.735,0.0,no,northwest,1769.53165,1
454,32,1,46.53,2.0,no,southeast,4686.3887,2
455,59,1,37.4,0.0,no,southwest,21797.0004,3
456,55,0,30.14,2.0,no,southeast,11881.9696,2
457,57,0,30.495,0.0,no,northwest,11840.77505,1
458,56,1,39.6,0.0,no,southwest,10601.412,3
459,40,0,33.0,0.0,no,southeast,7682.67,2
460,49,0,36.63,3.0,no,southeast,10381.4787,2
461,42,1,30.0,0.0,yes,southwest,22144.032000000003,3
462,62,0,38.095,2.0,no,northeast,15230.32405,0
463,56,1,25.935,0.0,no,northeast,11165.41765,0
464,19,1,25.175,0.0,no,northwest,1632.03625,1
465,30,0,28.38,1.0,yes,southeast,19521.9682,2
466,60,0,28.7,1.0,no,southwest,13224.693000000001,3
467,56,0,33.82,2.0,no,northwest,12643.3778,1
468,28,0,24.32,1.0,no,northeast,23288.9284,0
469,18,0,24.09,1.0,no,southeast,2201.0971,2
470,27,1,32.67,0.0,no,southeast,2497.0383,2
471,18,0,30.115,0.0,no,northeast,2203.47185,0
472,19,0,29.8,0.0,no,southwest,1744.465,3
473,47,0,33.345,0.0,no,northeast,20878.78443,0
474,54,1,25.1,3.0,yes,southwest,25382.297000000002,3
475,61,1,28.31,1.0,yes,northwest,28868.6639,1
476,24,1,28.5,0.0,yes,northeast,35147.52848,0
477,25,1,35.625,0.0,no,northwest,2534.39375,1
478,21,1,36.85,0.0,no,southeast,1534.3045,2
479,23,1,32.56,0.0,no,southeast,1824.2854,2
480,63,1,41.325,3.0,no,northwest,15555.18875,1
481,49,1,37.51,2.0,no,southeast,9304.7019,2
482,18,0,31.35,0.0,no,southeast,1622.1885,2
483,51,0,39.5,1.0,no,southwest,9880.068000000001,3
484,48,1,34.3,3.0,no,southwest,9563.029,3
485,31,0,31.065,0.0,no,northeast,4347.02335,0
486,54,0,21.47,3.0,no,northwest,12475.3513,1
487,19,1,30.65165011459127,0.0,no,southwest,1253.9360000000001,3
488,44,0,38.06,0.0,yes,southeast,48885.135610000005,2
489,53,1,31.16,1.0,no,northwest,10461.9794,1
490,19,0,32.9,0.0,no,southwest,1748.774,3
491,61,0,25.08,0.0,no,southeast,24513.09126,2
492,18,0,25.08,0.0,no,northeast,2196.4732,0
493,61,1,43.4,0.0,no,southwest,12574.048999999999,3
494,21,1,25.7,4.0,yes,southwest,17942.106,3
495,20,1,27.93,0.0,no,northeast,1967.0227,0
496,31,0,23.6,2.0,no,southwest,4931.647,3
497,45,1,28.7,2.0,no,southwest,8027.968000000001,3
498,44,0,23.98,2.0,no,southeast,8211.1002,2
499,62,0,39.2,0.0,no,southwest,13470.86,3
500,29,1,34.4,0.0,yes,southwest,36197.699,3
501,43,1,26.03,0.0,no,northeast,6837.3687,0
502,51,1,23.21,1.0,yes,southeast,22218.1149,2
503,19,1,30.25,0.0,yes,southeast,32548.3405,2
504,38,0,28.93,1.0,no,southeast,5974.3847,2
505,37,1,30.875,3.0,no,northwest,6796.86325,1
506,22,1,31.35,1.0,no,northwest,2643.2685,1
507,21,1,23.75,2.0,no,northwest,3077.0955,1
508,24,0,25.27,0.0,no,northeast,3044.2133,0
509,57,0,28.7,0.0,no,southwest,11455.28,3
510,56,1,30.65165011459127,1.0,no,northeast,11763.0009,0
511,27,1,33.66,0.0,no,southeast,2498.4144,2
512,51,1,22.42,0.0,no,northeast,9361.3268,0
513,19,1,30.4,0.0,no,southwest,1256.299,3
514,39,1,28.3,1.0,yes,southwest,21082.16,3
515,58,1,35.7,0.0,no,southwest,11362.755,3
516,20,1,35.31,1.0,no,southeast,27724.28875,2
517,45,1,30.495,2.0,no,northwest,8413.46305,1
518,35,0,31.0,1.0,no,southwest,5240.765,3
519,31,1,30.875,0.0,no,northeast,3857.75925,0
520,50,0,27.36,0.0,no,northeast,25656.575259999998,0
521,32,0,44.22,0.0,no,southeast,3994.1778,2
522,51,0,33.915,0.0,no,northeast,9866.30485,0
523,38,0,37.73,0.0,no,southeast,5397.6167,2
524,42,1,26.07,1.0,yes,southeast,38245.59327,2
525,18,0,33.88,0.0,no,southeast,11482.63485,2
526,19,0,30.59,2.0,no,northwest,24059.68019,1
527,51,0,25.8,1.0,no,southwest,9861.025,3
528,46,1,39.425,1.0,no,northeast,8342.90875,0
529,18,1,25.46,0.0,no,northeast,1708.0014,0
530,57,1,42.13,1.0,yes,southeast,48675.5177,2
531,62,0,31.73,0.0,no,northeast,14043.4767,0
532,59,1,29.7,2.0,no,southeast,12925.886,2
533,37,1,36.19,0.0,no,southeast,19214.705530000003,2
534,64,1,40.48,0.0,no,southeast,13831.1152,2
535,38,1,28.025,1.0,no,northeast,6067.12675,0
536,33,0,38.9,3.0,no,southwest,5972.378000000001,3
537,46,0,30.2,2.0,no,southwest,8825.086,3
538,46,0,28.05,1.0,no,southeast,8233.0975,2
539,53,1,31.35,0.0,no,southeast,27346.04207,2
540,34,0,38.0,3.0,no,southwest,6196.448,3
541,20,0,31.79,2.0,no,southeast,3056.3881,2
542,63,0,36.3,0.0,no,southeast,13887.204,2
543,54,0,47.41,0.0,yes,southeast,63770.42801,2
544,54,1,30.21,0.0,no,northwest,10231.4999,1
545,49,1,25.84,2.0,yes,northwest,23807.2406,1
546,28,1,35.435,0.0,no,northeast,3268.84665,0
547,54,0,46.7,2.0,no,southwest,11538.421,3
548,25,0,28.595,0.0,no,northeast,3213.62205,0
549,43,0,46.2,0.0,yes,southeast,45863.205,2
550,63,1,30.8,0.0,no,southwest,13390.559,3
551,32,0,28.93,0.0,no,southeast,3972.9247,2
552,62,1,21.4,0.0,no,southwest,12957.118,3
553,52,0,31.73,2.0,no,northwest,11187.6567,1
554,25,0,41.325,0.0,no,northeast,17878.900680000002,0
555,28,1,23.8,2.0,no,southwest,3847.6740000000004,3
556,46,1,33.44,1.0,no,northeast,8334.5896,0
557,34,1,34.21,0.0,no,southeast,3935.1799,2
558,35,0,34.105,3.0,yes,northwest,39983.42595,1
559,19,1,35.53,0.0,no,northwest,1646.4297,1
560,46,0,19.95,2.0,no,northwest,9193.8385,1
561,54,0,32.68,0.0,no,northeast,10923.9332,0
562,27,1,30.5,0.0,no,southwest,2494.022,3
563,50,1,44.77,1.0,no,southeast,9058.7303,2
564,18,0,32.12,2.0,no,southeast,2801.2588,2
565,19,0,30.495,0.0,no,northwest,2128.43105,1
566,38,0,40.565,1.0,no,northwest,6373.55735,1
567,41,1,30.59,2.0,no,northwest,7256.7231,1
568,49,0,31.9,5.0,no,southwest,11552.903999999999,3
569,48,1,40.565,2.0,yes,northwest,45702.02235,1
570,31,0,29.1,0.0,no,southwest,3761.292,3
571,18,0,37.29,1.0,no,southeast,2219.4451,2
572,30,0,43.12,2.0,no,southeast,4753.6368,2
573,62,0,36.86,1.0,no,northeast,31620.001060000002,0
574,57,0,34.295,2.0,no,northeast,13224.05705,0
575,58,0,27.17,0.0,no,northwest,12222.8983,1
576,22,1,26.84,0.0,no,southeast,1664.9996,2
577,31,0,38.095,1.0,yes,northeast,58571.074479999996,0
578,52,1,30.2,1.0,no,southwest,9724.53,3
579,25,0,23.465,0.0,no,northeast,3206.49135,0
580,59,1,25.46,1.0,no,northeast,12913.9924,0
581,19,1,30.59,0.0,no,northwest,1639.5631,1
582,39,1,45.43,2.0,no,southeast,6356.2707,2
583,32,0,23.65,1.0,no,southeast,17626.23951,2
584,19,1,20.7,0.0,no,southwest,1242.816,3
585,33,0,28.27,1.0,no,southeast,4779.6023,2
586,21,1,20.235,3.0,no,northeast,3861.20965,0
587,34,0,30.21,1.0,yes,northwest,43943.8761,1
588,61,0,35.91,0.0,no,northeast,13635.6379,0
589,38,0,30.69,1.0,no,southeast,5976.8311,2
590,58,0,29.0,0.0,no,southwest,11842.442,3
591,47,1,19.57,1.0,no,northwest,8428.0693,1
592,20,1,31.13,2.0,no,southeast,2566.4707,2
593,21,0,21.85,1.0,yes,northeast,15359.1045,0
594,41,1,40.26,0.0,no,southeast,5709.1644,2
595,46,0,33.725,1.0,no,northeast,8823.98575,0
596,42,0,29.48,2.0,no,southeast,7640.3092,2
597,34,0,33.25,1.0,no,northeast,5594.8455,0
598,43,1,32.6,2.0,no,southwest,7441.501,3
599,52,0,37.525,2.0,no,northwest,33471.97189,1
600,18,0,39.16,0.0,no,southeast,1633.0444,2
601,51,1,31.635,0.0,no,northwest,9174.13565,1
602,56,0,25.3,0.0,no,southwest,11070.535,3
603,64,0,39.05,3.0,no,southeast,16085.1275,2
604,19,0,28.31,0.0,yes,northwest,17468.9839,1
605,51,0,34.1,0.0,no,southeast,9283.562,2
606,27,0,25.175,0.0,no,northeast,3558.62025,0
607,59,0,23.655,0.0,yes,northwest,25678.77845,1
608,28,1,26.98,2.0,no,northeast,4435.0942,0
609,30,1,37.8,2.0,yes,southwest,39241.442,3
610,47,0,29.37,1.0,no,southeast,8547.6913,2
611,38,0,34.8,2.0,no,southwest,6571.544,3
612,18,0,33.155,0.0,no,northeast,2207.69745,0
613,34,0,19.0,3.0,no,northeast,6753.0380000000005,0
614,20,0,33.0,0.0,no,southeast,1880.07,2
615,47,0,36.63,1.0,yes,southeast,42969.8527,2
616,56,0,28.595,0.0,no,northeast,11658.11505,0
617,49,1,25.6,2.0,yes,southwest,23306.547000000002,3
618,19,0,33.11,0.0,yes,southeast,34439.8559,2
619,55,0,37.1,0.0,no,southwest,10713.643999999998,3
620,30,1,31.4,1.0,no,southwest,3659.3459999999995,3
621,37,1,34.1,4.0,yes,southwest,40182.246,3
622,49,0,21.3,1.0,no,southwest,9182.17,3
623,18,1,33.535,0.0,yes,northeast,34617.84065,0
624,59,1,28.785,0.0,no,northwest,12129.61415,1
625,29,0,26.03,0.0,no,northwest,3736.4647,1
626,36,1,28.88,3.0,no,northeast,6748.5912,0
627,33,1,42.46,1.0,no,southeast,11326.71487,2
628,58,1,38.0,0.0,no,southwest,11365.952,3
629,44,0,38.95,0.0,yes,northwest,42983.4585,1
630,53,1,36.1,1.0,no,southwest,10085.846,3
631,24,1,29.3,0.0,no,southwest,1977.815,3
632,29,0,35.53,0.0,no,southeast,3366.6697,2
633,40,1,22.705,2.0,no,northeast,7173.35995,0
634,51,1,39.7,1.0,no,southwest,9391.346,3
635,64,1,38.19,0.0,no,northeast,14410.9321,0
636,19,0,24.51,1.0,no,northwest,2709.1119,1
637,35,0,38.095,2.0,no,northeast,24915.04626,0
638,39,1,26.41,0.0,yes,northeast,20149.3229,0
639,56,1,33.66,4.0,no,southeast,12949.1554,2
640,33,1,42.4,5.0,no,southwest,6666.243,3
641,42,1,28.31,3.0,yes,northwest,32787.458589999995,1
642,61,1,33.915,0.0,no,northeast,13143.86485,0
643,23,0,34.96,3.0,no,northwest,4466.6214,1
644,43,1,35.31,2.0,no,southeast,18806.14547,2
645,48,1,30.78,3.0,no,northeast,10141.1362,0
646,39,1,26.22,1.0,no,northwest,6123.5688,1
647,40,0,23.37,3.0,no,northeast,8252.2843,0
648,18,1,28.5,0.0,no,northeast,1712.227,0
649,58,0,32.965,0.0,no,northeast,12430.95335,0
650,49,0,42.68,2.0,no,southeast,9800.8882,2
651,53,0,39.6,1.0,no,southeast,10579.711000000001,2
652,48,0,31.13,0.0,no,southeast,8280.6227,2
653,45,0,36.3,2.0,no,southeast,8527.532,2
654,59,0,35.2,0.0,no,southeast,12244.531,2
655,52,0,25.3,2.0,yes,southeast,24667.418999999998,2
656,26,0,42.4,1.0,no,southwest,3410.324,3
657,27,1,33.155,2.0,no,northwest,4058.71245,1
658,48,0,35.91,1.0,no,northeast,26392.260290000002,0
659,57,0,28.785,4.0,no,northeast,14394.39815,0
660,37,1,46.53,3.0,no,southeast,6435.6237,2
661,57,0,30.65165011459127,1.0,no,southeast,22192.43711,2
662,32,0,31.54,1.0,no,northeast,5148.5526,0
663,18,1,33.66,0.0,no,southeast,1136.3994,2
664,64,0,22.99,0.0,yes,southeast,27037.9141,2
665,43,1,38.06,2.0,yes,southeast,42560.4304,2
666,49,1,28.7,1.0,no,southwest,8703.456,3
667,40,0,32.775,2.0,yes,northwest,40003.33225,1
668,62,1,32.015,0.0,yes,northeast,45710.20785,0
669,40,0,29.81,1.0,no,southeast,6500.2359,2
670,30,1,31.57,3.0,no,southeast,4837.5823,2
671,29,0,31.16,0.0,no,northeast,3943.5954,0
672,36,1,29.7,0.0,no,southeast,4399.731,2
673,41,0,31.02,0.0,no,southeast,6185.3208,2
674,44,0,43.89,2.0,yes,southeast,46200.9851,2
675,45,1,21.375,0.0,no,northwest,7222.78625,1
676,55,0,40.81,3.0,no,southeast,12485.8009,2
677,60,1,31.35,3.0,yes,northwest,46130.5265,1
678,56,1,36.1,3.0,no,southwest,12363.546999999999,3
679,49,0,23.18,2.0,no,northwest,10156.7832,1
680,21,0,17.4,1.0,no,southwest,2585.269,3
681,19,1,20.3,0.0,no,southwest,1242.26,3
682,39,1,35.3,2.0,yes,southwest,40103.89,3
683,53,1,30.65165011459127,0.0,no,northwest,9863.4718,1
684,33,0,18.5,1.0,no,southwest,4766.022,3
685,53,1,26.41,2.0,no,northeast,11244.3769,0
686,42,1,26.125,2.0,no,northeast,7729.64575,0
687,40,1,41.69,0.0,no,southeast,5438.7491,2
688,47,0,24.1,1.0,no,southwest,26236.57997,3
689,27,1,31.13,1.0,yes,southeast,34806.4677,2
690,21,1,27.36,0.0,no,northeast,2104.1134,0
691,47,1,36.2,1.0,no,southwest,8068.185,3
692,20,1,32.395,0.0,no,northwest,2362.22905,1
693,24,1,23.655,0.0,no,northwest,2352.96845,1
694,27,0,34.8,1.0,no,southwest,3577.9990000000003,3
695,26,0,40.185,0.0,no,northwest,3201.24515,1
696,53,0,32.3,2.0,no,northeast,29186.48236,0
697,41,1,35.75,1.0,yes,southeast,40273.6455,2
698,56,1,33.725,0.0,no,northwest,10976.24575,1
699,23,0,39.27,2.0,no,southeast,3500.6123,2
700,21,0,34.87,0.0,no,southeast,2020.5523,2
701,50,0,44.745,0.0,no,northeast,9541.69555,0
702,53,1,41.47,0.0,no,southeast,9504.3103,2
703,34,0,26.41,1.0,no,northwest,5385.3379,1
704,47,0,29.545,1.0,no,northwest,8930.93455,1
705,33,0,32.9,2.0,no,southwest,5375.0380000000005,3
706,51,0,38.06,0.0,yes,southeast,44400.4064,2
707,49,1,28.69,3.0,no,northwest,10264.4421,1
708,31,0,30.495,3.0,no,northeast,6113.23105,0
709,36,0,27.74,0.0,no,northeast,5469.0066,0
710,18,1,35.2,1.0,no,southeast,1727.54,2
711,50,0,23.54,2.0,no,southeast,10107.2206,2
712,43,0,30.685,2.0,no,northwest,8310.83915,1
713,20,1,40.47,0.0,no,northeast,1984.4533,0
714,24,0,22.6,0.0,no,southwest,2457.502,3
715,60,1,28.9,0.0,no,southwest,12146.971000000001,3
716,49,0,22.61,1.0,no,northwest,9566.9909,1
717,60,1,24.32,1.0,no,northwest,13112.6048,1
718,51,0,36.67,2.0,no,northwest,10848.1343,1
719,58,0,33.44,0.0,no,northwest,12231.6136,1
720,51,0,40.66,0.0,no,northeast,9875.6804,0
721,53,1,36.6,3.0,no,southwest,11264.541000000001,3
722,62,1,37.4,0.0,no,southwest,12979.358,3
723,19,1,30.65165011459127,0.0,no,southwest,1263.249,3
724,50,0,27.075,1.0,no,northeast,10106.13425,0
725,30,0,39.05,3.0,yes,southeast,40932.4295,2
726,41,1,28.405,1.0,no,northwest,6664.68595,1
727,29,0,21.755,1.0,yes,northeast,16657.71745,0
728,18,0,40.28,0.0,no,northeast,2217.6012,0
729,41,0,36.08,1.0,no,southeast,6781.3542,2
730,35,1,24.42,3.0,yes,southeast,19361.9988,2
731,53,1,21.4,1.0,no,southwest,10065.413,3
732,24,0,30.1,3.0,no,southwest,4234.927,3
733,48,0,27.265,1.0,no,northeast,9447.25035,0
734,59,0,32.1,3.0,no,southwest,14007.222,3
735,49,0,34.77,1.0,no,northwest,9583.8933,1
736,37,0,38.39,0.0,yes,southeast,40419.0191,2
737,26,1,23.7,2.0,no,southwest,3484.3309999999997,3
738,23,1,31.73,3.0,yes,northeast,36189.1017,0
739,29,1,35.5,2.0,yes,southwest,44585.45587,3
740,45,1,24.035,2.0,no,northeast,8604.48365,0
741,27,1,29.15,0.0,yes,southeast,18246.4955,2
742,53,1,34.105,0.0,yes,northeast,43254.41795,0
743,31,0,26.62,0.0,no,southeast,3757.8448,2
744,50,1,26.41,0.0,no,northwest,8827.2099,1
745,50,0,30.115,1.0,no,northwest,9910.35985,1
746,34,1,27.0,2.0,no,southwest,11737.84884,3
747,19,1,21.755,0.0,no,northwest,1627.28245,1
748,47,0,36.0,1.0,no,southwest,8556.907,3
749,28,1,30.875,0.0,no,northwest,3062.50825,1
750,37,0,26.4,0.0,yes,southeast,19539.243000000002,2
751,21,1,28.975,0.0,no,northwest,1906.35825,1
752,64,1,37.905,0.0,no,northwest,14210.53595,1
753,58,0,22.77,0.0,no,southeast,11833.7823,2
754,24,1,33.63,4.0,no,northeast,17128.42608,0
755,31,1,27.645,2.0,no,northeast,5031.26955,0
756,39,0,30.65165011459127,3.0,no,northeast,7985.815,0
757,47,0,27.83,0.0,yes,southeast,23065.4207,2
758,30,1,37.43,3.0,no,northeast,5428.7277,0
759,18,1,38.17,0.0,yes,southeast,36307.7983,2
760,22,0,34.58,2.0,no,northeast,3925.7582,0
761,23,1,35.2,1.0,no,southwest,2416.955,3
762,33,1,27.1,1.0,yes,southwest,19040.876,3
763,27,1,26.03,0.0,no,northeast,3070.8087,0
764,45,0,25.175,2.0,no,northeast,9095.06825,0
765,57,0,31.825,0.0,no,northwest,11842.62375,1
766,47,1,32.3,1.0,no,southwest,8062.764,3
767,42,0,29.0,1.0,no,southwest,7050.642,3
768,64,0,39.7,0.0,no,southwest,14319.031,3
769,38,0,19.475,2.0,no,northwest,6933.24225,1
770,61,1,36.1,3.0,no,southwest,27941.28758,3
771,53,0,26.7,2.0,no,southwest,11150.78,3
772,44,0,36.48,0.0,no,northeast,12797.20962,0
773,19,0,28.88,0.0,yes,northwest,17748.5062,1
774,41,1,34.2,2.0,no,northwest,7261.741,1
775,51,1,33.33,3.0,no,southeast,10560.4917,2
776,40,1,32.3,2.0,no,northwest,6986.696999999999,1
777,45,1,39.805,0.0,no,northeast,7448.40395,0
778,35,1,34.32,3.0,no,southeast,5934.3798,2
779,53,1,28.88,0.0,no,northwest,9869.8102,1
780,30,1,24.4,3.0,yes,southwest,18259.216,3
781,18,1,41.14,0.0,no,southeast,1146.7966,2
782,51,1,35.97,1.0,no,southeast,9386.1613,2
783,50,0,27.6,1.0,yes,southwest,24520.264,3
784,31,0,29.26,1.0,no,southeast,4350.5144,2
785,35,0,27.7,3.0,no,southwest,6414.178000000001,3
786,60,1,36.955,0.0,no,northeast,12741.16745,0
787,21,1,36.86,0.0,no,northwest,1917.3184,1
788,29,1,22.515,3.0,no,northeast,5209.57885,0
789,62,0,29.92,0.0,no,southeast,13457.9608,2
790,39,0,41.8,0.0,no,southeast,5662.225,2
791,19,1,27.6,0.0,no,southwest,1252.407,3
792,22,0,23.18,0.0,no,northeast,2731.9122,0
793,53,1,20.9,0.0,yes,southeast,21195.818,2
794,39,0,31.92,2.0,no,northwest,7209.4918,1
795,27,1,28.5,0.0,yes,northwest,18310.742,1
796,30,1,44.22,2.0,no,southeast,4266.1658,2
797,30,0,22.895,1.0,no,northeast,4719.52405,0
798,58,0,33.1,0.0,no,southwest,11848.141000000001,3
799,33,1,24.795,0.0,yes,northeast,17904.52705,0
800,42,0,26.18,1.0,no,southeast,7046.7222,2
801,64,0,35.97,0.0,no,southeast,14313.8463,2
802,21,1,22.3,1.0,no,southwest,2103.08,3
803,18,0,42.24,0.0,yes,southeast,38792.6856,2
804,23,1,26.51,0.0,no,southeast,1815.8759,2
805,45,0,35.815,0.0,no,northwest,7731.85785,1
806,40,0,41.42,1.0,no,northwest,28476.734989999997,1
807,19,0,36.575,0.0,no,northwest,2136.88225,1
808,18,1,30.14,0.0,no,southeast,1131.5066,2
809,25,1,25.84,1.0,no,northeast,3309.7926,0
810,46,0,30.8,3.0,no,southwest,9414.92,3
811,33,0,42.94,3.0,no,northwest,6360.9936,1
812,54,1,21.01,2.0,no,southeast,11013.7119,2
813,28,1,22.515,2.0,no,northeast,4428.88785,0
814,36,1,34.43,2.0,no,southeast,5584.3057,2
815,20,0,31.46,0.0,no,southeast,1877.9294,2
816,24,0,24.225,0.0,no,northwest,2842.76075,1
817,23,1,37.1,3.0,no,southwest,3597.5959999999995,3
818,47,0,26.125,1.0,yes,northeast,23401.30575,0
819,33,0,35.53,0.0,yes,northwest,55135.402089999996,1
820,45,1,33.7,1.0,no,southwest,7445.918000000001,3
821,26,1,17.67,0.0,no,northwest,2680.9493,1
822,18,0,31.13,0.0,no,southeast,1621.8827,2
823,44,0,29.81,2.0,no,southeast,8219.2039,2
824,60,1,24.32,0.0,no,northwest,12523.6048,1
825,64,0,31.825,2.0,no,northeast,16069.08475,0
826,56,1,31.79,2.0,yes,southeast,43813.8661,2
827,36,1,28.025,1.0,yes,northeast,20773.62775,0
828,41,1,30.78,3.0,yes,northeast,39597.4072,0
829,39,1,21.85,1.0,no,northwest,6117.4945,1
830,63,1,33.1,0.0,no,southwest,13393.756000000001,3
831,36,0,25.84,0.0,no,northwest,5266.3656,1
832,28,0,23.845,2.0,no,northwest,4719.73655,1
833,58,1,34.39,0.0,no,northwest,11743.9341,1
834,36,1,33.82,1.0,no,northwest,5377.4578,1
835,42,1,35.97,2.0,no,southeast,7160.3303,2
836,36,1,31.5,0.0,no,southwest,4402.233,3
837,56,0,28.31,0.0,no,northeast,11657.7189,0
838,35,0,23.465,2.0,no,northeast,6402.29135,0
839,59,0,31.35,0.0,no,northwest,12622.1795,1
840,21,1,31.1,0.0,no,southwest,1526.3120000000001,3
841,59,1,24.7,0.0,no,northeast,12323.936000000002,0
842,23,0,32.78,2.0,yes,southeast,36021.0112,2
843,57,0,29.81,0.0,yes,southeast,27533.9129,2
844,53,1,30.495,0.0,no,northeast,10072.05505,0
845,60,0,32.45,0.0,yes,southeast,45008.9555,2
846,51,0,34.2,1.0,no,southwest,9872.701,3
847,23,1,50.38,1.0,no,southeast,2438.0552,2
848,27,0,24.1,0.0,no,southwest,2974.1259999999997,3
849,55,1,32.775,0.0,no,northwest,10601.63225,1
850,37,0,30.78,0.0,yes,northeast,37270.1512,0
851,61,1,32.3,2.0,no,northwest,14119.62,1
852,46,0,35.53,0.0,yes,northeast,42111.6647,0
853,53,0,23.75,2.0,no,northeast,11729.6795,0
854,49,0,23.845,3.0,yes,northeast,24106.91255,0
855,20,0,29.6,0.0,no,southwest,1875.344,3
856,48,0,33.11,0.0,yes,southeast,40974.1649,2
857,25,1,24.13,0.0,yes,northwest,15817.9857,1
858,25,0,32.23,1.0,no,southeast,18218.16139,2
859,57,1,28.1,0.0,no,southwest,10965.446000000002,3
860,37,0,47.6,2.0,yes,southwest,46113.511,3
861,38,0,28.0,3.0,no,southwest,7151.092,3
862,55,0,33.535,2.0,no,northwest,12269.68865,1
863,36,0,19.855,0.0,no,northeast,5458.04645,0
864,51,1,25.4,0.0,no,southwest,8782.469000000001,3
865,40,1,29.9,2.0,no,southwest,6600.361,3
866,18,1,37.29,0.0,no,southeast,1141.4451,2
867,57,1,43.7,1.0,no,southwest,11576.13,3
868,61,1,23.655,0.0,no,northeast,13129.60345,0
869,25,0,24.3,3.0,no,southwest,4391.652,3
870,50,1,36.2,0.0,no,southwest,8457.818000000001,3
871,26,0,29.48,1.0,no,southeast,3392.3652,2
872,42,1,24.86,0.0,no,southeast,5966.8874,2
873,43,1,30.1,1.0,no,southwest,6849.026,3
874,44,1,21.85,3.0,no,northeast,8891.1395,0
875,23,0,28.12,0.0,no,northwest,2690.1138,1
876,49,0,27.1,1.0,no,southwest,26140.3603,3
877,33,1,33.44,5.0,no,southeast,6653.7886,2
878,41,1,28.8,1.0,no,southwest,6282.235,3
879,37,0,29.5,2.0,no,southwest,6311.951999999999,3
880,22,1,34.8,3.0,no,southwest,3443.0640000000003,3
881,23,1,27.36,1.0,no,northwest,2789.0574,1
882,21,0,22.135,0.0,no,northeast,2585.85065,0
883,51,0,37.05,3.0,yes,northeast,46255.1125,0
884,25,1,26.695,4.0,no,northwest,4877.98105,1
885,32,1,28.93,1.0,yes,southeast,19719.6947,2
886,57,1,28.975,0.0,yes,northeast,27218.43725,0
887,36,0,30.02,0.0,no,northwest,5272.1758,1
888,22,1,39.5,0.0,no,southwest,1682.5970000000002,3
889,57,1,33.63,1.0,no,northwest,11945.1327,1
890,64,0,26.885,0.0,yes,northwest,29330.98315,1
891,36,0,29.04,4.0,no,southeast,7243.8136,2
892,54,1,24.035,0.0,no,northeast,10422.91665,0
893,47,1,38.94,2.0,yes,southeast,44202.6536,2
894,62,1,32.11,0.0,no,northeast,13555.0049,0
895,61,0,44.0,0.0,no,southwest,13063.883,3
896,43,0,20.045,2.0,yes,northeast,19798.05455,0
897,19,1,25.555,1.0,no,northwest,2221.56445,1
898,18,0,40.26,0.0,no,southeast,1634.5734,2
899,19,0,22.515,0.0,no,northwest,2117.33885,1
900,49,1,22.515,0.0,no,northeast,8688.85885,0
901,60,1,40.92,0.0,yes,southeast,48673.5588,2
902,26,1,30.65165011459127,3.0,no,northeast,4661.28635,0
903,49,1,36.85,0.0,no,southeast,8125.7845,2
904,60,0,35.1,0.0,no,southwest,12644.589,3
905,26,0,29.355,2.0,no,northeast,4564.19145,0
906,27,1,32.585,3.0,no,northeast,4846.92015,0
907,44,0,32.34,1.0,no,southeast,7633.7206,2
908,63,1,39.8,3.0,no,southwest,15170.069,3
909,32,0,24.6,0.0,yes,southwest,17496.306,3
910,22,1,28.31,1.0,no,northwest,2639.0429,1
911,18,1,31.73,0.0,yes,northeast,33732.6867,0
912,59,0,26.695,3.0,no,northwest,14382.70905,1
913,44,0,27.5,1.0,no,southwest,7626.993,3
914,33,1,24.605,2.0,no,northwest,5257.50795,1
915,24,0,33.99,0.0,no,southeast,2473.3341,2
916,43,0,26.885,0.0,yes,northwest,21774.32215,1
917,45,1,22.895,0.0,yes,northeast,35069.37452,0
918,61,0,28.2,0.0,no,southwest,13041.921,3
919,35,0,34.21,1.0,no,southeast,5245.2269,2
920,62,0,25.0,0.0,no,southwest,13451.122,3
921,62,0,33.2,0.0,no,southwest,13462.52,3
922,38,1,31.0,1.0,no,southwest,5488.262,3
923,34,1,35.815,0.0,no,northwest,4320.41085,1
924,43,1,23.2,0.0,no,southwest,6250.435,3
925,50,1,32.11,2.0,no,northeast,25333.33284,0
926,19,0,23.4,2.0,no,southwest,2913.5690000000004,3
927,57,0,20.1,1.0,no,southwest,12032.326000000001,3
928,62,0,39.16,0.0,no,southeast,13470.8044,2
929,41,1,34.21,1.0,no,southeast,6289.7549,2
930,26,1,46.53,1.0,no,southeast,2927.0647,2
931,39,0,32.5,1.0,no,southwest,6238.298000000001,3
932,46,1,25.8,5.0,no,southwest,10096.97,3
933,45,0,35.3,0.0,no,southwest,7348.142,3
934,32,1,37.18,2.0,no,southeast,4673.3922,2
935,59,0,27.5,0.0,no,southwest,12233.828000000001,3
936,44,1,29.735,2.0,no,northeast,32108.662819999998,0
937,39,0,24.225,5.0,no,northwest,8965.79575,1
938,18,1,26.18,2.0,no,southeast,2304.0022,2
939,53,1,29.48,0.0,no,southeast,9487.6442,2
940,18,1,23.21,0.0,no,southeast,1121.8739,2
941,50,0,46.09,1.0,no,southeast,9549.5651,2
942,18,0,40.185,0.0,no,northeast,2217.46915,0
943,19,1,22.61,0.0,no,northwest,1628.4709,1
944,62,1,39.93,0.0,no,southeast,12982.8747,2
945,56,0,35.8,1.0,no,southwest,11674.13,3
946,42,1,35.8,2.0,no,southwest,7160.094,3
947,37,1,34.2,1.0,yes,northeast,39047.285,0
948,42,1,31.255,0.0,no,northwest,6358.77645,1
949,25,1,29.7,3.0,yes,southwest,19933.458,3
950,57,1,18.335,0.0,no,northeast,11534.87265,0
951,51,1,42.9,2.0,yes,southeast,47462.894,2
952,30,0,28.405,1.0,no,northwest,4527.18295,1
953,44,1,30.2,2.0,yes,southwest,38998.546,3
954,34,1,27.835,1.0,yes,northwest,20009.63365,1
955,31,1,39.49,1.0,no,southeast,3875.7341,2
956,54,1,30.8,1.0,yes,southeast,41999.52,2
957,24,1,26.79,1.0,no,northwest,12609.88702,1
958,43,1,34.96,1.0,yes,northeast,41034.2214,0
959,48,1,36.67,1.0,no,northwest,28468.91901,1
960,19,0,39.615,1.0,no,northwest,2730.10785,1
961,29,0,25.9,0.0,no,southwest,3353.284,3
962,63,0,35.2,1.0,no,southeast,14474.675,2
963,46,1,24.795,3.0,no,northeast,9500.57305,0
964,52,1,36.765,2.0,no,northwest,26467.09737,1
965,35,1,27.1,1.0,no,southwest,4746.344,3
966,51,1,24.795,2.0,yes,northwest,23967.38305,1
967,44,1,25.365,1.0,no,northwest,7518.02535,1
968,21,1,25.745,2.0,no,northeast,3279.86855,0
969,39,0,34.32,5.0,no,southeast,8596.8278,2
970,50,0,28.16,3.0,no,southeast,10702.6424,2
971,34,0,23.56,0.0,no,northeast,4992.3764,0
972,22,0,20.235,0.0,no,northwest,2527.81865,1
973,19,0,40.5,0.0,no,southwest,1759.338,3
974,26,1,35.42,0.0,no,southeast,2322.6218,2
975,29,1,22.895,0.0,yes,northeast,16138.76205,0
976,48,1,40.15,0.0,no,southeast,7804.1605,2
977,26,1,29.15,1.0,no,southeast,2902.9065,2
978,45,0,39.995,3.0,no,northeast,9704.66805,0
979,36,0,29.92,0.0,no,southeast,4889.0368,2
980,54,1,25.46,1.0,no,northeast,25517.11363,0
981,34,1,21.375,0.0,no,northeast,4500.33925,0
982,31,1,25.9,3.0,yes,southwest,19199.944,3
983,27,0,30.59,1.0,no,northeast,16796.41194,0
984,20,1,30.115,5.0,no,northeast,4915.05985,0
985,44,0,30.65165011459127,1.0,no,southwest,7624.63,3
986,43,1,30.115,3.0,no,northwest,8410.04685,1
987,45,0,27.645,1.0,no,northwest,28340.18885,1
988,34,1,34.675,0.0,no,northeast,4518.82625,0
989,24,0,20.52,0.0,yes,northeast,14571.8908,0
990,26,0,19.8,1.0,no,southwest,3378.91,3
991,38,0,27.835,2.0,no,northeast,7144.86265,0
992,50,0,31.6,2.0,no,southwest,10118.424,3
993,38,1,28.27,1.0,no,southeast,5484.4673,2
994,27,0,20.045,3.0,yes,northwest,16420.49455,1
995,39,0,23.275,3.0,no,northeast,7986.47525,0
996,39,0,34.1,3.0,no,southwest,7418.522,3
997,63,0,36.85,0.0,no,southeast,13887.9685,2
998,33,0,36.29,3.0,no,northeast,6551.7501,0
999,36,0,26.885,0.0,no,northwest,5267.81815,1
1000,30,1,22.99,2.0,yes,northwest,17361.7661,1
1001,24,1,32.7,0.0,yes,southwest,34472.841,3
1002,24,1,25.8,0.0,no,southwest,1972.95,3
1003,48,1,29.6,0.0,no,southwest,21232.182259999998,3
1004,47,1,19.19,1.0,no,northeast,8627.5411,0
1005,29,1,31.73,2.0,no,northwest,4433.3877,1
1006,28,1,29.26,2.0,no,northeast,4438.2634,0
1007,47,1,28.215,3.0,yes,northwest,24915.22085,1
1008,25,1,24.985,2.0,no,northeast,23241.47453,0
1009,51,1,27.74,1.0,no,northeast,9957.7216,0
1010,48,0,22.8,0.0,no,southwest,8269.044,3
1011,43,1,20.13,2.0,yes,southeast,18767.7377,2
1012,61,0,33.33,4.0,no,southeast,36580.28216,2
1013,48,1,32.3,1.0,no,northwest,8765.249,1
1014,38,0,27.6,0.0,no,southwest,5383.536,3
1015,59,1,25.46,0.0,no,northwest,12124.9924,1
1016,19,0,24.605,1.0,no,northwest,2709.24395,1
1017,26,0,30.65165011459127,2.0,no,southwest,3987.926,3
1018,54,0,35.815,3.0,no,northwest,12495.29085,1
1019,21,0,32.68,2.0,no,northwest,26018.95052,1
1020,51,1,37.0,0.0,no,southwest,8798.593,3
1021,22,0,31.02,3.0,yes,southeast,35595.5898,2
1022,47,1,36.08,1.0,yes,southeast,42211.1382,2
1023,18,1,23.32,1.0,no,southeast,1711.0268,2
1024,47,0,45.32,1.0,no,southeast,8569.8618,2
1025,21,0,34.6,0.0,no,southwest,2020.1770000000001,3
1026,19,1,26.03,1.0,yes,northwest,16450.8947,1
1027,23,1,18.715,0.0,no,northwest,21595.38229,1
1028,54,1,31.6,0.0,no,southwest,9850.431999999999,3
1029,37,0,17.29,2.0,no,northeast,6877.9801,0
1030,46,0,23.655,1.0,yes,northwest,21677.28345,1
1031,55,0,35.2,0.0,yes,southeast,44423.803,2
1032,30,0,27.93,0.0,no,northeast,4137.5227,0
1033,18,1,21.565,0.0,yes,northeast,13747.87235,0
1034,61,1,38.38,0.0,no,northwest,12950.0712,1
1035,54,0,23.0,3.0,no,southwest,12094.478000000001,3
1036,22,1,37.07,2.0,yes,southeast,37484.4493,2
1037,45,0,30.495,1.0,yes,northwest,39725.51805,1
1038,22,1,28.88,0.0,no,northeast,2250.8352,0
1039,19,1,27.265,2.0,no,northwest,22493.65964,1
1040,35,0,28.025,0.0,yes,northwest,20234.85475,1
1041,18,1,23.085,0.0,no,northeast,1704.70015,0
1042,20,1,30.685,0.0,yes,northeast,33475.81715,0
1043,28,0,25.8,0.0,no,southwest,3161.454,3
1044,55,1,35.245,1.0,no,northeast,11394.06555,0
1045,43,0,24.7,2.0,yes,northwest,21880.82,1
1046,43,0,25.08,0.0,no,northeast,7325.0482,0
1047,22,1,52.58,1.0,yes,southeast,44501.3982,2
1048,25,0,22.515,1.0,no,northwest,3594.17085,1
1049,49,1,30.9,0.0,yes,southwest,39727.614,3
1050,44,0,36.955,1.0,no,northwest,8023.13545,1
1051,64,1,26.41,0.0,no,northeast,14394.5579,0
1052,49,1,29.83,1.0,no,northeast,9288.0267,0
1053,47,1,29.8,3.0,yes,southwest,25309.488999999998,3
1054,27,0,21.47,0.0,no,northwest,3353.4703,1
1055,55,1,27.645,0.0,no,northwest,10594.50155,1
1056,48,0,28.9,0.0,no,southwest,8277.523000000001,3
1057,45,0,31.79,0.0,no,southeast,17929.303369999998,2
1058,24,0,39.49,0.0,no,southeast,2480.9791,2
1059,32,1,30.65165011459127,1.0,no,northwest,4462.7218,1
1060,24,1,32.01,0.0,no,southeast,1981.5819,2
1061,57,1,27.94,1.0,no,southeast,11554.2236,2
1062,59,1,41.14,1.0,yes,southeast,48970.2476,2
1063,36,1,28.595,3.0,no,northwest,6548.19505,1
1064,29,0,25.6,4.0,no,southwest,5708.866999999999,3
1065,42,0,25.3,1.0,no,southwest,7045.499,3
1066,48,1,37.29,2.0,no,southeast,8978.1851,2
1067,39,1,42.655,0.0,no,northeast,5757.41345,0
1068,63,1,21.66,1.0,no,northwest,14349.8544,1
1069,54,0,31.9,1.0,no,southeast,10928.848999999998,2
1070,37,1,37.07,1.0,yes,southeast,39871.7043,2
1071,63,1,31.445,0.0,no,northeast,13974.45555,0
1072,21,1,31.255,0.0,no,northwest,1909.52745,1
1073,54,0,28.88,2.0,no,northeast,12096.6512,0
1074,60,0,18.335,0.0,no,northeast,13204.28565,0
1075,32,0,29.59,1.0,no,southeast,4562.8421,2
1076,47,0,32.0,1.0,no,southwest,8551.347,3
1077,21,1,26.03,0.0,no,northeast,2102.2647,0
1078,28,1,31.68,0.0,yes,southeast,34672.1472,2
1079,63,1,33.66,3.0,no,southeast,15161.5344,2
1080,18,1,21.78,2.0,no,southeast,11884.04858,2
1081,32,1,27.835,1.0,no,northwest,4454.40265,1
1082,38,1,19.95,1.0,no,northwest,5855.9025,1
1083,32,1,31.5,1.0,no,southwest,4076.4970000000003,3
1084,62,0,30.495,2.0,no,northwest,15019.76005,1
1085,39,0,18.3,5.0,yes,southwest,19023.26,3
1086,55,1,28.975,0.0,no,northeast,10796.35025,0
1087,57,1,31.54,0.0,no,northwest,11353.2276,1
1088,52,1,47.74,1.0,no,southeast,9748.9106,2
1089,56,1,22.1,0.0,no,southwest,10577.087,3
1090,47,1,36.19,0.0,yes,southeast,41676.0811,2
1091,55,0,29.83,0.0,no,northeast,11286.5387,0
1092,23,1,32.7,3.0,no,southwest,3591.48,3
1093,22,0,30.4,0.0,yes,northwest,33907.547999999995,1
1094,50,0,33.7,4.0,no,southwest,11299.343,3
1095,18,0,31.35,4.0,no,northeast,4561.1885,0
1096,51,0,34.96,2.0,yes,northeast,44641.1974,0
1097,22,1,33.77,0.0,no,southeast,1674.6323,2
1098,52,0,30.875,0.0,no,northeast,23045.56616,0
1099,25,0,33.99,1.0,no,southeast,3227.1211,2
1100,33,0,19.095,2.0,yes,northeast,16776.30405,0
1101,53,1,28.6,3.0,no,southwest,11253.421,3
1102,29,1,38.94,1.0,no,southeast,3471.4096,2
1103,58,1,36.08,0.0,no,southeast,11363.2832,2
1104,37,1,29.8,0.0,no,southwest,20420.60465,3
1105,54,0,31.24,0.0,no,southeast,10338.9316,2
1106,49,0,29.925,0.0,no,northwest,8988.15875,1
1107,50,0,26.22,2.0,no,northwest,10493.9458,1
1108,26,1,30.0,1.0,no,southwest,2904.0879999999997,3
1109,45,1,20.35,3.0,no,southeast,8605.3615,2
1110,54,0,32.3,1.0,no,northeast,11512.405,0
1111,38,1,38.39,3.0,yes,southeast,41949.2441,2
1112,48,0,25.85,3.0,yes,southeast,24180.9335,2
1113,28,0,26.315,3.0,no,northwest,5312.16985,1
1114,23,1,24.51,0.0,no,northeast,2396.0959,0
1115,55,1,32.67,1.0,no,southeast,10807.4863,2
1116,41,1,29.64,5.0,no,northeast,9222.4026,0
1117,25,1,33.33,2.0,yes,southeast,36124.5737,2
1118,33,1,35.75,1.0,yes,southeast,38282.7495,2
1119,30,0,19.95,3.0,no,northwest,5693.4305,1
1120,23,0,31.4,0.0,yes,southwest,34166.273,3
1121,46,1,38.17,2.0,no,southeast,8347.1643,2
1122,53,0,36.86,3.0,yes,northwest,46661.4424,1
1123,27,0,32.395,1.0,no,northeast,18903.49141,0
1124,23,0,42.75,1.0,yes,northeast,40904.1995,0
1125,63,0,25.08,0.0,no,northwest,14254.6082,1
1126,55,1,29.9,0.0,no,southwest,10214.636,3
1127,35,0,35.86,2.0,no,southeast,5836.5204,2
1128,34,1,32.8,1.0,no,southwest,14358.36437,3
1129,19,0,18.6,0.0,no,southwest,1728.8970000000002,3
1130,39,0,23.87,5.0,no,southeast,8582.3023,2
1131,27,1,45.9,2.0,no,southwest,3693.428,3
1132,57,1,40.28,0.0,no,northeast,20709.02034,0
1133,52,0,18.335,0.0,no,northwest,9991.03765,1
1134,28,1,33.82,0.0,no,northwest,19673.335730000003,1
1135,50,0,28.12,3.0,no,northwest,11085.5868,1
1136,44,0,25.0,1.0,no,southwest,7623.518,3
1137,26,0,22.23,0.0,no,northwest,3176.2877,1
1138,33,1,30.25,0.0,no,southeast,3704.3545,2
1139,19,0,32.49,0.0,yes,northwest,36898.73308,1
1140,50,1,37.07,1.0,no,southeast,9048.0273,2
1141,41,0,32.6,3.0,no,southwest,7954.517,3
1142,52,0,24.86,0.0,no,southeast,27117.99378,2
1143,39,1,32.34,2.0,no,southeast,6338.0756,2
1144,50,1,32.3,2.0,no,southwest,9630.396999999999,3
1145,52,1,32.775,3.0,no,northwest,11289.10925,1
1146,60,1,32.8,0.0,yes,southwest,52590.82939,3
1147,20,0,31.92,0.0,no,northwest,2261.5688,1
1148,55,1,21.5,1.0,no,southwest,10791.96,3
1149,42,1,30.65165011459127,0.0,no,southwest,5979.731,3
1150,18,0,30.305,0.0,no,northeast,2203.73595,0
1151,58,0,36.48,0.0,no,northwest,12235.8392,1
1152,43,0,32.56,3.0,yes,southeast,40941.2854,2
1153,35,0,35.815,1.0,no,northwest,5630.45785,1
1154,48,0,27.93,4.0,no,northwest,11015.1747,1
1155,36,0,22.135,3.0,no,northeast,7228.21565,0
1156,19,1,44.88,0.0,yes,southeast,39722.7462,2
1157,23,0,23.18,2.0,no,northwest,14426.07385,1
1158,20,0,30.59,0.0,no,northeast,2459.7201,0
1159,32,0,41.1,0.0,no,southwest,3989.841,3
1160,43,0,34.58,1.0,no,northwest,7727.2532,1
1161,34,1,42.13,2.0,no,southeast,5124.1887,2
1162,30,1,38.83,1.0,no,southeast,18963.171919999997,2
1163,18,0,28.215,0.0,no,northeast,2200.83085,0
1164,41,0,28.31,1.0,no,northwest,7153.5539,1
1165,35,0,26.125,0.0,no,northeast,5227.98875,0
1166,57,1,40.37,0.0,no,southeast,10982.5013,2
1167,29,0,24.6,2.0,no,southwest,4529.477,3
1168,32,1,35.2,2.0,no,southwest,4670.64,3
1169,37,0,34.105,1.0,no,northwest,6112.35295,1
1170,18,1,27.36,1.0,yes,northeast,17178.6824,0
1171,43,0,26.7,2.0,yes,southwest,22478.6,3
1172,56,0,41.91,0.0,no,southeast,11093.6229,2
1173,38,1,29.26,2.0,no,northwest,6457.8434,1
1174,29,1,32.11,2.0,no,northwest,4433.9159,1
1175,22,0,27.1,0.0,no,southwest,2154.361,3
1176,52,0,24.13,1.0,yes,northwest,23887.6627,1
1177,40,0,27.4,1.0,no,southwest,6496.8859999999995,3
1178,23,0,34.865,0.0,no,northeast,2899.48935,0
1179,31,1,29.81,0.0,yes,southeast,19350.3689,2
1180,42,0,41.325,1.0,no,northeast,7650.77375,0
1181,24,0,29.925,0.0,no,northwest,2850.68375,1
1182,25,0,30.3,0.0,no,southwest,2632.992,3
1183,48,0,27.36,1.0,no,northeast,9447.3824,0
1184,23,0,28.49,1.0,yes,southeast,18328.2381,2
1185,45,1,23.56,2.0,no,northeast,8603.8234,0
1186,20,1,35.625,3.0,yes,northwest,37465.34375,1
1187,62,0,32.68,0.0,no,northwest,13844.7972,1
1188,43,0,25.27,1.0,yes,northeast,21771.3423,0
1189,23,0,28.0,0.0,no,southwest,13126.67745,3
1190,31,0,32.775,2.0,no,northwest,5327.40025,1
1191,41,0,21.755,1.0,no,northeast,13725.47184,0
1192,58,0,32.395,1.0,no,northeast,13019.16105,0
1193,48,0,36.575,0.0,no,northwest,8671.19125,1
1194,31,0,21.755,0.0,no,northwest,4134.08245,1
1195,19,0,27.93,3.0,no,northwest,18838.70366,1
1196,19,0,30.02,0.0,yes,northwest,33307.5508,1
1197,41,1,33.55,0.0,no,southeast,5699.8375,2
1198,40,1,29.355,1.0,no,northwest,6393.60345,1
1199,31,0,25.8,2.0,no,southwest,4934.705,3
1200,37,1,24.32,2.0,no,northwest,6198.7518,1
1201,46,1,40.375,2.0,no,northwest,8733.22925,1
1202,22,1,32.11,0.0,no,northwest,2055.3249,1
1203,51,1,30.65165011459127,1.0,no,northeast,9964.06,0
1204,18,0,27.28,3.0,yes,southeast,18223.4512,2
1205,35,1,17.86,1.0,no,northwest,5116.5004,1
1206,59,0,34.8,2.0,no,southwest,36910.60803,3
1207,36,1,33.4,2.0,yes,southwest,38415.474,3
1208,37,0,25.555,1.0,yes,northeast,20296.86345,0
1209,59,1,37.1,1.0,no,southwest,12347.171999999999,3
1210,36,1,30.875,1.0,no,northwest,5373.36425,1
1211,39,1,34.1,2.0,no,southeast,23563.016180000002,2
1212,18,1,21.47,0.0,no,northeast,1702.4553,0
1213,52,0,33.3,2.0,no,southwest,10806.839,3
1214,27,0,31.255,1.0,no,northwest,3956.07145,1
1215,18,1,39.14,0.0,no,northeast,12890.05765,0
1216,40,1,25.08,0.0,no,southeast,5415.6612,2
1217,29,1,37.29,2.0,no,southeast,4058.1161,2
1218,46,0,34.6,1.0,yes,southwest,41661.602,3
1219,38,0,30.21,3.0,no,northwest,7537.1639,1
1220,30,0,21.945,1.0,no,northeast,4718.20355,0
1221,40,1,24.97,2.0,no,southeast,6593.5083,2
1222,50,1,25.3,0.0,no,southeast,8442.667,2
1223,20,0,24.42,0.0,yes,southeast,26125.674769999998,2
1224,41,1,23.94,1.0,no,northeast,6858.4796,0
1225,33,0,39.82,1.0,no,southeast,4795.6568,2
1226,38,1,16.815,2.0,no,northeast,6640.54485,0
1227,42,1,37.18,2.0,no,southeast,7162.0122,2
1228,56,1,34.43,0.0,no,southeast,10594.2257,2
1229,58,1,30.305,0.0,no,northeast,11938.25595,0
1230,52,1,34.485,3.0,yes,northwest,60021.39897,1
1231,20,0,21.8,0.0,yes,southwest,20167.336030000002,3
1232,54,0,24.605,3.0,no,northwest,12479.70895,1
1233,58,1,23.3,0.0,no,southwest,11345.518999999998,3
1234,45,0,27.83,2.0,no,southeast,8515.7587,2
1235,26,1,31.065,0.0,no,northwest,2699.56835,1
1236,63,0,21.66,0.0,no,northeast,14449.8544,0
1237,58,0,28.215,0.0,no,northwest,12224.35085,1
1238,37,1,22.705,3.0,no,northeast,6985.50695,0
1239,25,0,42.13,1.0,no,southeast,3238.4357,2
1240,52,1,41.8,2.0,yes,southeast,47269.85400000001,2
1241,64,1,36.96,2.0,yes,southeast,49577.6624,2
1242,22,0,21.28,3.0,no,northwest,4296.2712,1
1243,28,0,33.11,0.0,no,southeast,3171.6149,2
1244,18,1,33.33,0.0,no,southeast,1135.9407,2
1245,28,1,24.3,5.0,no,southwest,5615.369000000001,3
1246,45,0,25.7,3.0,no,southwest,9101.798,3
1247,33,1,29.4,4.0,no,southwest,6059.173000000001,3
1248,18,0,39.82,0.0,no,southeast,1633.9618,2
1249,32,1,33.63,1.0,yes,northeast,37607.5277,0
1250,24,1,29.83,0.0,yes,northeast,18648.4217,0
1251,19,1,19.8,0.0,no,southwest,1241.565,3
1252,20,1,27.3,0.0,yes,southwest,16232.847,3
1253,40,0,29.3,4.0,no,southwest,15828.821730000001,3
1254,34,0,27.72,0.0,no,southeast,4415.1588,2
1255,42,0,37.9,0.0,no,southwest,6474.013000000001,3
1256,51,0,36.385,3.0,no,northwest,11436.73815,1
1257,54,0,27.645,1.0,no,northwest,11305.93455,1
1258,55,1,37.715,3.0,no,northwest,30063.58055,1
1259,52,0,23.18,0.0,no,northeast,10197.7722,0
1260,32,0,20.52,0.0,no,northeast,4544.2348,0
1261,28,1,37.1,1.0,no,southwest,3277.1609999999996,3
1262,41,0,28.05,1.0,no,southeast,6770.1925,2
1263,43,0,29.9,1.0,no,southwest,7337.7480000000005,3
1264,49,0,33.345,2.0,no,northeast,10370.91255,0
1265,64,1,23.76,0.0,yes,southeast,26926.5144,2
1266,55,0,30.5,0.0,no,southwest,10704.47,3
1267,24,1,31.065,0.0,yes,northeast,34254.05335,0
1268,20,0,33.3,0.0,no,southwest,1880.487,3
1269,45,1,27.5,3.0,no,southwest,8615.3,3
1270,26,1,33.915,1.0,no,northwest,3292.52985,1
1271,25,0,34.485,0.0,no,northwest,3021.80915,1
1272,43,1,25.52,5.0,no,southeast,14478.33015,2
1273,35,1,27.61,1.0,no,southeast,4747.0529,2
1274,26,1,27.06,0.0,yes,southeast,17043.3414,2
1275,57,1,23.7,0.0,no,southwest,10959.33,3
1276,22,0,30.65165011459127,0.0,no,northeast,2741.948,0
1277,32,0,29.735,0.0,no,northwest,4357.04365,1
1278,39,1,29.925,1.0,yes,northeast,22462.04375,0
1279,25,0,26.79,2.0,no,northwest,4189.1131,1
1280,48,0,33.33,0.0,no,southeast,8283.6807,2
1281,47,0,27.645,2.0,yes,northwest,24535.69855,1
1282,18,0,21.66,0.0,yes,northeast,14283.4594,0
1283,18,1,30.03,1.0,no,southeast,1720.3537,2
1284,61,1,36.3,1.0,yes,southwest,47403.88,3
1285,47,0,24.32,0.0,no,northeast,8534.6718,0
1286,28,0,17.29,0.0,no,northeast,3732.6251,0
1287,36,0,25.9,1.0,no,southwest,5472.4490000000005,3
1288,20,1,39.4,2.0,yes,southwest,38344.566,3
1289,44,1,34.32,1.0,no,southeast,7147.4728,2
1290,38,0,19.95,2.0,no,northeast,7133.9025,0
1291,19,1,34.9,0.0,yes,southwest,34828.654,3
1292,21,1,23.21,0.0,no,southeast,1515.3449,2
1293,46,1,25.745,3.0,no,northwest,9301.89355,1
1294,58,1,25.175,0.0,no,northeast,11931.12525,0
1295,20,1,22.0,1.0,no,southwest,1964.78,3
1296,18,1,26.125,0.0,no,northeast,1708.92575,0
1297,28,0,26.51,2.0,no,southeast,4340.4409,2
1298,33,1,27.455,2.0,no,northwest,5261.46945,1
1299,19,0,25.745,1.0,no,northwest,2710.82855,1
1300,45,1,30.36,0.0,yes,southeast,62592.87309,2
1301,62,1,30.875,3.0,yes,northwest,46718.16325,1
1302,25,0,20.8,1.0,no,southwest,3208.7870000000003,3
1303,43,1,27.8,0.0,yes,southwest,37829.7242,3
1304,42,1,24.605,2.0,yes,northeast,21259.37795,0
1305,24,0,27.72,0.0,no,southeast,2464.6188,2
1306,29,0,21.85,0.0,yes,northeast,16115.3045,0
1307,32,1,28.12,4.0,yes,northwest,21472.4788,1
1308,25,0,30.2,0.0,yes,southwest,33900.653,3
1309,41,1,32.2,2.0,no,southwest,6875.960999999999,3
1310,42,1,26.315,1.0,no,northwest,6940.90985,1
1311,33,0,26.695,0.0,no,northwest,4571.41305,1
1312,34,1,42.9,1.0,no,southwest,4536.259,3
1313,19,0,34.7,2.0,yes,southwest,36397.576,3
1314,30,0,23.655,3.0,yes,northwest,18765.87545,1
1315,18,1,28.31,1.0,no,northeast,11272.331390000001,0
1316,19,0,20.6,0.0,no,southwest,1731.6770000000001,3
1317,18,1,53.13,0.0,no,southeast,1163.4627,2
1318,35,1,39.71,4.0,no,northeast,19496.71917,0
1319,39,0,26.315,2.0,no,northwest,7201.70085,1
1320,31,1,31.065,3.0,no,northwest,5425.02335,1
1321,62,1,26.695,0.0,yes,northeast,28101.33305,0
1322,62,1,38.83,0.0,no,southeast,12981.3457,2
1323,42,0,40.37,2.0,yes,southeast,43896.3763,2
1324,31,1,25.935,1.0,no,northwest,4239.89265,1
1325,61,1,33.535,0.0,no,northeast,13143.33665,0
1326,42,0,32.87,0.0,no,northeast,7050.0213,0
1327,51,1,30.03,1.0,no,southeast,9377.9047,2
1328,23,0,30.65165011459127,2.0,no,northeast,22395.74424,0
1329,52,1,38.6,2.0,no,southwest,10325.206,3
1330,57,0,25.74,2.0,no,southeast,12629.1656,2
1331,23,0,33.4,0.0,no,southwest,10795.937329999999,3
1332,52,0,44.7,3.0,no,southwest,11411.685,3
1333,50,1,30.97,0.0,no,northwest,10600.5483,1
1334,18,0,31.92,0.0,no,northeast,2205.9808,0
1335,18,0,36.85,0.0,no,southeast,1629.8335,2
1336,21,0,25.8,0.0,no,southwest,2007.945,3
1337,61,0,29.07,0.0,yes,northwest,29141.3603,1
